0 0.303516 0.314641 0.034180 0.076720
0 0.404004 0.346633 0.037500 0.076720
0 0.471924 0.402196 0.037500 0.076720
0 0.555020 0.338214 0.037500 0.076720
0 0.648770 0.355051 0.038594 0.076720
0 0.733555 0.356735 0.037500 0.076720
0 0.648223 0.282657 0.037500 0.066603
0 0.675156 0.232138 0.035273 0.066618
0 0.611167 0.248990 0.035283 0.066618
0 0.552778 0.260776 0.035283 0.066618
0 0.533687 0.311274 0.035283 0.066618
0 0.459575 0.299502 0.035283 0.066618
0 0.375361 0.270871 0.035273 0.069971
0 0.396694 0.181654 0.035283 0.066618
0 0.415786 0.163133 0.035283 0.066618
0 0.477544 0.201859 0.035283 0.066618
0 0.548286 0.190922 0.035283 0.061493
0 0.603306 0.141245 0.035283 0.061493
0 0.651592 0.173236 0.035273 0.061493
0 0.694258 0.169868 0.035273 0.061493
0 0.460142 0.170717 0.029658 0.059736
0 0.521875 0.175769 0.029687 0.053148
0 0.477002 0.151332 0.027441 0.044685
